g_pts = [
    [
        [0.00, 0.00, 0.00],[0.00, 0.20, 0.00],[0.00, 0.40, 0.00],[0.00, 0.60, 0.00],[0.03, 0.80, 0.00],[0.09, 1.00, 0.00],[0.17, 1.20, 0.00],[0.30, 1.40, 0.00],[0.48, 1.60, 0.00],[0.75, 1.80, 0.00],[1.50, 2.00, 0.00]
    ],
    [
        [0.40, 0.00, 0.00],[0.40, 0.20, 0.00],[0.40, 0.40, 0.00],[0.40, 0.60, 0.00],[0.43, 0.80, 0.00],[0.48, 1.00, 0.00],[0.56, 1.20, 0.00],[0.67, 1.40, 0.00],[0.83, 1.60, 0.00],[1.08, 1.80, 0.00],[1.75, 2.00, 0.00]
    ],
    [
        [0.80, 0.00, 0.00],[0.80, 0.20, 0.00],[0.80, 0.40, 0.00],[0.80, 0.60, 0.00],[0.82, 0.80, 0.00],[0.87, 1.00, 0.00],[0.94, 1.20, 0.00],[1.04, 1.40, 0.00],[1.18, 1.60, 0.00],[1.40, 1.80, 0.00],[2.00, 2.00, 0.00]
    ],
    [
        [1.20, 0.00, 0.00],[1.20, 0.20, 0.00],[1.20, 0.40, 0.00],[1.20, 0.60, 0.00],[1.22, 0.80, 0.00],[1.26, 1.00, 0.00],[1.32, 1.20, 0.00],[1.41, 1.40, 0.00],[1.54, 1.60, 0.00],[1.73, 1.80, 0.00],[2.25, 2.00, 0.00]
    ],
    [
        [1.60, 0.00, 0.00],[1.60, 0.20, 0.00],[1.60, 0.40, 0.00],[1.60, 0.60, 0.00],[1.62, 0.80, 0.00],[1.65, 1.00, 0.00],[1.70, 1.20, 0.00],[1.78, 1.40, 0.00],[1.89, 1.60, 0.00],[2.05, 1.80, 0.00],[2.50, 2.00, 0.00]
    ],
    [
        [2.00, 0.00, 0.00],[2.00, 0.20, 0.00],[2.00, 0.40, 0.00],[2.00, 0.60, 0.00],[2.02, 0.80, 0.00],[2.04, 1.00, 0.00],[2.09, 1.20, 0.00],[2.15, 1.40, 0.00],[2.24, 1.60, 0.00],[2.38, 1.80, 0.00],[2.75, 2.00, 0.00]
    ],
    [
        [2.40, 0.00, 0.00],[2.40, 0.20, 0.00],[2.40, 0.40, 0.00],[2.40, 0.60, 0.00],[2.41, 0.80, 0.00],[2.43, 1.00, 0.00],[2.47, 1.20, 0.00],[2.52, 1.40, 0.00],[2.59, 1.60, 0.00],[2.70, 1.80, 0.00],[3.00, 2.00, 0.00]
    ],
    [
        [2.80, 0.00, 0.00],[2.80, 0.20, 0.00],[2.80, 0.40, 0.00],[2.80, 0.60, 0.00],[2.81, 0.80, 0.00],[2.83, 1.00, 0.00],[2.85, 1.20, 0.00],[2.89, 1.40, 0.00],[2.94, 1.60, 0.00],[3.03, 1.80, 0.00],[3.25, 2.00, 0.00]
    ],
    [
        [3.20, 0.00, 0.00],[3.20, 0.20, 0.00],[3.20, 0.40, 0.00],[3.20, 0.60, 0.00],[3.21, 0.80, 0.00],[3.22, 1.00, 0.00],[3.23, 1.20, 0.00],[3.26, 1.40, 0.00],[3.30, 1.60, 0.00],[3.35, 1.80, 0.00],[3.50, 2.00, 0.00]
    ],
    [
        [3.60, 0.00, 0.00],[3.60, 0.20, 0.00],[3.60, 0.40, 0.00],[3.60, 0.60, 0.00],[3.60, 0.80, 0.00],[3.61, 1.00, 0.00],[3.62, 1.20, 0.00],[3.63, 1.40, 0.00],[3.65, 1.60, 0.00],[3.68, 1.80, 0.00],[3.75, 2.00, 0.00]
    ],
    [
        [4.00, 0.00, 0.00],[4.00, 0.20, 0.00],[4.00, 0.40, 0.00],[4.00, 0.60, 0.00],[4.00, 0.80, 0.00],[4.00, 1.00, 0.00],[4.00, 1.20, 0.00],[4.00, 1.40, 0.00],[4.00, 1.60, 0.00],[4.00, 1.80, 0.00],[4.00, 2.00, 0.00]
    ]
];
